34600896047
34600896346
34600896854
34600896231
34600896086
34600896878
34600896385
34600896039
34600896186
34600896806
34600896389
34600896737
34600896429
34600896337
34600896725
34600896984
34600896142
34600896891
34600896377
34600896818
34600896585
34600896810
34600896705
34600896951
34600896430
34600896936
34600896062
34600896527
34600896034
34600896352
34600896522
34600896458
34600896254
34600896566
34600896167
34600896442
34600896533
34600896722
34600896784
34600896869
34600896740
34600896789
34600896845
34600896430
34600896548
34600896065
34600896221
34600896956
34600896105
34600896829
34600896106
34600896056
34600896444
34600896076
34600896850
34600896921
34600896839
34600896165
34600896152
34600896909
34600896348
34600896941
34600896994
34600896600
34600896756
34600896518
34600896852
34600896973
34600896129
34600896818
34600896025
34600896800
34600896535
34600896839
34600896652
34600896863
34600896436
34600896843
34600896182
34600896901
34600896813
34600896652
34600896357
34600896781
34600896200
34600896054
34600896315
34600896228
34600896894
34600896055
34600896126
34600896510
34600896561
34600896773
34600896349
34600896439
34600896204
34600896306
34600896851
34600896381
34600896063
34600896447
34600896636
34600896698
34600896746
34600896828
34600896758
34600896051
34600896743
34600896188
34600896822
34600896571
34600896187
34600896219
34600896351
34600896406
34600896115
34600896151
34600896372
34600896306
34600896068
34600896269
34600896166
34600896066
34600896368
34600896284
34600896501
34600896384
34600896632
34600896272
34600896034
34600896615
34600896644
34600896861
34600896924
34600896867
34600896374
34600896628
34600896921
34600896656
34600896942
34600896868
34600896459
34600896239
34600896942
34600896176
34600896984
34600896793
34600896641
34600896497
34600896053
34600896013
34600896991
34600896574
34600896762
34600896935
34600896780
34600896678
34600896057
34600896026
34600896738
34600896561
34600896232
34600896939
34600896120
34600896529
34600896736
34600896795
34600896437
34600896476
34600896648
34600896208
34600896761
34600896518
34600896004
34600896553
34600896875
34600896492
34600896062
34600896362
34600896024
34600896714
34600896328
34600896198
34600896407
34600896080
34600896703
34600896257
34600896467
34600896840
34600896140
34600896905
34600896855
34600896530
34600896616
34600896689
34600896901
34600896874
34600896961
34600896163
34600896663
34600896437
34600896930
34600896640
34600896681
34600896442
34600896069
34600896011
34600896828
34600896638
34600896073
34600896810
34600896580
34600896846
34600896932
34600896969
34600896212
34600896490
34600896221
34600896915
34600896478
34600896881
34600896500
34600896626
34600896305
34600896753
34600896464
34600896470
34600896485
34600896519
34600896148
34600896302
34600896099
34600896179
34600896320
34600896531
34600896546
34600896841
34600896346
34600896057
34600896108
34600896591
34600896232
34600896730
34600896267
34600896691
34600896185
34600896481
34600896228
34600896417
34600896031
34600896393
34600896787
34600896320
34600896910
34600896088
34600896236
34600896239
34600896523
34600896384
34600896260
34600896606
34600896712
34600896296
34600896986
34600896532
34600896571
34600896977
34600896460
34600896216
34600896279
34600896477
34600896711
34600896435
34600896558
34600896759
34600896201
34600896578
34600896191
34600896374
34600896920
34600896683
34600896619
34600896632
34600896556
34600896591
34600896097
34600896440
34600896825
34600896384
34600896675
34600896350
34600896112
34600896606
34600896761
34600896497
34600896020
34600896886
34600896704
34600896242
34600896279
34600896228
34600896824
34600896919
34600896307
34600896329
34600896580
34600896127
34600896863
34600896421
34600896345
34600896194
34600896221
34600896606
34600896922
34600896293
34600896869
34600896566
34600896863
34600896801
34600896711
34600896641
34600896328
34600896150
34600896634
34600896530
34600896354
34600896653
34600896772
34600896037
34600896912
34600896053
34600896333
34600896715
34600896725
34600896205
34600896596
34600896912
34600896059
34600896156
34600896818
34600896299
34600896255
34600896681
34600896420
34600896512
34600896603
34600896157
34600896737
34600896949
34600896345
34600896646
34600896285
34600896512
34600896321
34600896861
34600896363
34600896159
34600896986
34600896146
34600896571
34600896671
34600896851
34600896045
34600896918
34600896287
34600896838
34600896868
34600896719
34600896411
34600896136
34600896173
34600896870
34600896069
34600896936
34600896545
34600896284
34600896447
34600896108
34600896388
34600896021
34600896289
34600896571
34600896858
34600896804
34600896251
34600896842
34600896229
34600896468
34600896045
34600896456
34600896177
34600896849
34600896568
34600896030
34600896961
34600896132
34600896310
34600896648
34600896687
34600896043
34600896472
34600896850
34600896510
34600896293
34600896923
34600896903
34600896355
34600896680
34600896865
34600896051
34600896853
34600896059
34600896522
34600896159
34600896414
34600896374
34600896020
34600896628
34600896761
34600896576
34600896268
34600896072
34600896674
34600896180
34600896644
34600896558
34600896568
34600896906
34600896475
34600896521
34600896568
34600896553
34600896904
34600896827
34600896016
34600896689
34600896109
34600896727
34600896806
34600896839
34600896419
34600896989
34600896912
34600896858
34600896427
34600896517
34600896356
34600896511
34600896834
34600896685
34600896938
34600896877
34600896474
34600896325
34600896577
34600896986
34600896531
34600896606
34600896132
34600896534
34600896185
34600896899
34600896254
34600896097
34600896727
34600896624
34600896721
34600896506
34600896039
34600896325
34600896040
34600896892
34600896449
34600896004
34600896871
34600896095
34600896360
34600896077
34600896763
34600896083
34600896751
34600896613
34600896963
34600896043
34600896316
34600896083
34600896051
34600896991
34600896964
34600896446
34600896251
34600896484
34600896111
34600896998
34600896698
34600896159
34600896359
34600896775
34600896829
34600896473
34600896444
34600896839
34600896641
34600896689
34600896136
34600896657
34600896853
34600896555
34600896885
34600896041
34600896158
34600896172
34600896012
34600896929
34600896298
34600896910
34600896671
34600896287
34600896235
34600896784
34600896144
34600896997
34600896173
34600896032
34600896056
34600896659
34600896688
34600896967
34600896201
34600896194
34600896776
34600896424
34600896081
34600896936
34600896706
34600896515
34600896234
34600896734
34600896283
34600896848
34600896945
34600896638
34600896979
34600896439
34600896294
34600896882
34600896439
34600896086
34600896587
34600896622
34600896228
34600896639
34600896347
34600896254
34600896439
34600896774
34600896926
34600896377
34600896902
34600896866
34600896806
34600896412
34600896329
34600896516
34600896318
34600896694
34600896194
34600896098
34600896440
34600896907
34600896490
34600896086
34600896157
34600896927
34600896195
34600896649
34600896360
34600896551
34600896300
34600896392
34600896701
34600896617
34600896651
34600896203
34600896466
34600896441
34600896676
34600896624
34600896009
34600896984
34600896914
34600896493
34600896088
34600896691
34600896875
34600896677
34600896143
34600896908
34600896097
34600896811
34600896816
34600896537
34600896121
34600896717
34600896602
34600896522
34600896966
34600896596
34600896047
34600896754
34600896289
34600896676
34600896067
34600896660
34600896134
34600896119
34600896031
34600896763
34600896456
34600896533
34600896756
34600896377
34600896287
34600896045
34600896998
34600896066
34600896099
34600896877
34600896946
34600896667
34600896582
34600896111
34600896842
34600896457
34600896551
34600896092
34600896946
34600896865
34600896554
34600896351
34600896249
34600896714
34600896030
34600896196
34600896184
34600896787
34600896382
34600896590
34600896322
34600896643
34600896626
34600896646
34600896236
34600896274
34600896897
34600896733
34600896855
34600896462
34600896809
34600896731
34600896385
34600896010
34600896057
34600896297
34600896132
34600896724
34600896843
34600896657
34600896129
34600896669
34600896275
34600896643
34600896609
34600896800
34600896758
34600896776
34600896898
34600896899
34600896218
34600896906
34600896563
34600896635
34600896588
34600896527
34600896820
34600896700
34600896843
34600896284
34600896742
34600896412
34600896753
34600896420
34600896421
34600896676
34600896086
34600896959
34600896038
34600896073
34600896660
34600896628
34600896556
34600896459
34600896272
34600896689
34600896790
34600896753
34600896766
34600896682
34600896166
34600896272
34600896136
34600896956
34600896658
34600896786
34600896396
34600896138
34600896598
34600896803
34600896951
34600896860
34600896708
34600896907
34600896468
34600896276
34600896749
34600896334
34600896679
34600896593
34600896539
34600896311
34600896076
34600896127
34600896789
34600896976
34600896747
34600896298
34600896928
34600896763
34600896252
34600896958
34600896283
34600896995
34600896767
34600896214
34600896593
34600896563
34600896271
34600896643
34600896352
34600896595
34600896024
34600896557
34600896467
34600896645
34600896458
34600896710
34600896270
34600896421
34600896982
34600896580
34600896625
34600896584
34600896556
34600896185
34600896385
34600896895
34600896886
34600896896
34600896979
34600896469
34600896424
34600896634
34600896105
34600896273
34600896020
34600896138
34600896516
34600896434
34600896412
34600896673
34600896094
34600896300
34600896893
34600896695
34600896306
34600896363
34600896211
34600896892
34600896577
34600896800
34600896986
34600896971
34600896204
34600896780
34600896432
34600896417
34600896779
34600896835
34600896211
34600896779
34600896207
34600896612
34600896614
34600896522
34600896080
34600896061
34600896346
34600896043
34600896515
34600896867
34600896366
34600896041
34600896722
34600896737
34600896964
34600896560
34600896525
34600896098
34600896564
34600896277
34600896988
34600896864
34600896344
34600896334
34600896753
34600896249
34600896912
34600896875
34600896015
34600896709
34600896440
34600896498
34600896695
34600896520
34600896197
34600896801
34600896235
34600896646
34600896692
34600896682
34600896644
34600896982
34600896657
34600896624
34600896856
34600896294
34600896783
34600896167
34600896152
34600896637
34600896986
34600896183
34600896437
34600896184
34600896553
34600896821
34600896114
34600896609
34600896918
34600896857
34600896778
34600896933
34600896503
34600896090
34600896154
34600896001
34600896746
34600896316
34600896454
34600896359
34600896323
34600896264
34600896089
34600896030
34600896808
34600896835
34600896754
34600896634
34600896070
34600896520
34600896154
34600896376
34600896154
34600896973
34600896599
34600896507
34600896966
34600896075
34600896485
34600896306
34600896590
34600896389
34600896004
34600896405
34600896937
34600896857
34600896708
34600896669
34600896688
34600896368
34600896008
34600896856
34600896165
34600896795
34600896388
34600896372
34600896549
34600896823
34600896480
34600896908
34600896573
34600896573
34600896337
34600896768
34600896223
34600896607
34600896947
34600896119
34600896638
34600896965
34600896182
34600896514
34600896668
34600896240
34600896600
34600896398
34600896243
34600896750
34600896698
34600896479
34600896068
34600896014
34600896165
34600896171
34600896814
34600896375
34600896495
34600896025
34600896593
34600896713
34600896395
34600896262
34600896338
34600896959
34600896616
34600896740
34600896291
34600896111
34600896834
34600896129
34600896059
34600896329
34600896461
34600896511
34600896587
34600896951
34600896122
34600896024
34600896633
34600896613
34600896761
34600896633
34600896346
34600896809
34600896477
34600896918
34600896036
34600896766
34600896327
34600896317
34600896821
34600896812
34600896659
34600896574
34600896910
34600896510
34600896812
34600896237
34600896517
34600896717
34600896807
34600896281
34600896364
34600896438
34600896711
34600896322
34600896993
34600896038
34600896635
34600896177
34600896905
34600896577
34600896931
34600896959
34600896953
34600896263
34600896683
34600896256
34600896325
34600896768
34600896556
34600896503
34600896701
34600896083
34600896965
34600896354
34600896835
34600896077
34600896732
34600896889
34600896112
34600896691
34600896221
34600896501
34600896123
34600896714
34600896936
34600896823
34600896113
34600896779
34600896505
34600896786
34600896312
34600896597
34600896375
34600896299
34600896019
34600896468
34600896717
34600896985
34600896107
34600896602
34600896047
34600896681
34600896538
34600896025
34600896476
34600896421
34600896447
34600896603
34600896372
34600896687
34600896948
34600896592
34600896991
34600896488
34600896591
34600896881
34600896794
34600896859
34600896923
34600896538
34600896972
34600896037
34600896055
34600896653
34600896861
34600896260
34600896523
34600896045
34600896907
34600896781
34600896078
34600896834
34600896436
34600896883
34600896099
34600896855
34600896908
34600896339
34600896615
34600896927
34600896943
34600896876
34600896615
34600896869
34600896338
34600896260
34600896349
34600896048
34600896994
34600896009
34600896549
34600896791
34600896072
34600896326
34600896860
34600896930
34600896779
34600896952
34600896433
34600896949
34600896996
34600896786
34600896259
34600896180
34600896462
34600896156
34600896010
34600896933
34600896634
34600896307
34600896015
34600896539
34600896115
34600896632
34600896982
34600896849
34600896204
34600896413
34600896605
34600896396
34600896292
34600896780
34600896042
34600896724
34600896745
34600896984
34600896441
34600896163
34600896530
34600896223
34600896005
34600896126
34600896338
34600896761
34600896442
34600896710
34600896729
34600896175
34600896893
34600896889
34600896207
34600896224
34600896746
34600896202
34600896135
34600896944
34600896817
34600896953
34600896106
34600896613
34600896955
34600896520
34600896585
34600896961
34600896767
34600896509
34600896356
34600896687
34600896114
34600896362
34600896337
34600896820
34600896688
34600896288
34600896996
34600896300
34600896336
34600896022
34600896546
34600896385
34600896792
34600896612
34600896924
34600896552
34600896806
34600896210
34600896148
34600896046
34600896850
34600896782
34600896135
34600896882
34600896676
34600896611
34600896935
34600896290
34600896353
34600896920
34600896907
34600896004
34600896851
34600896078
34600896260
34600896451
34600896134
34600896136
34600896410
34600896365
34600896693
34600896657
34600896295
34600896640
34600896641
34600896380
34600896397
34600896409
34600896362
34600896070
34600896873
34600896903
34600896201
34600896357
34600896190
34600896125
34600896641
34600896971
34600896447
34600896682
34600896092
34600896921
34600896805
34600896009
34600896554
34600896622
34600896704
34600896741
34600896887
34600896372
34600896887
34600896572
34600896779
34600896945
34600896895
34600896946
34600896042
34600896910
34600896323
34600896635
34600896225
34600896702
34600896775
34600896871
34600896250
34600896766
34600896865
34600896827
34600896349
34600896832
34600896454
34600896063
34600896530
34600896709
34600896397
34600896371
34600896956
34600896730
34600896265
34600896410
34600896712
34600896543
34600896931
34600896579
34600896601
34600896569
34600896520
34600896064
34600896062
34600896948
34600896611
34600896886
34600896768
34600896958
34600896531
34600896066
34600896581
34600896552
34600896390
34600896432
34600896109
34600896993
34600896802
34600896371
34600896483
34600896269
34600896651
34600896460
34600896810
34600896017
34600896671
34600896977
34600896190
34600896628
34600896990
34600896489
34600896568
34600896558
34600896048
34600896225
34600896236
34600896605
34600896576
34600896809
34600896309
34600896316
34600896990
34600896666
34600896312
34600896157
34600896714
34600896623
34600896602
34600896859
34600896607
34600896147
34600896591
34600896970
34600896833
34600896516
34600896770
34600896730
34600896053
34600896732
34600896234
34600896114
34600896570
34600896583
34600896123
34600896266
34600896582
34600896948
34600896283
34600896996
34600896054
34600896095
34600896214
34600896118
34600896169
34600896189
34600896366
34600896103
34600896923
34600896540
34600896224
34600896366
34600896456
34600896935
34600896786
34600896212
34600896263
34600896716
34600896951
34600896016
34600896296
34600896743
34600896440
34600896062
34600896980
34600896981
34600896346
34600896602
34600896331
34600896938
34600896779
34600896378
34600896068
34600896343
34600896188
34600896540
34600896199
34600896818
34600896470
34600896418
34600896681
34600896279
34600896414
34600896540
34600896885
34600896125
34600896643
34600896226
34600896033
34600896333
34600896192
34600896116
34600896274
34600896204
34600896490
34600896616
34600896764
34600896882
34600896433
34600896842
34600896771
34600896408
34600896954
34600896371
34600896013
34600896030
34600896820
34600896617
34600896687
34600896036
34600896852
34600896432
34600896121
34600896079
34600896590
34600896496
34600896303
34600896440
34600896128
34600896222
34600896142
34600896876
34600896442
34600896801
34600896731
34600896334
34600896985
34600896064
34600896015
34600896862
34600896158
34600896827
34600896403
34600896104
34600896295
34600896226
34600896361
34600896319
34600896169
34600896282
34600896822
34600896185
34600896017
34600896420
34600896570
34600896751
34600896953
34600896213
34600896726
34600896044
34600896525
34600896292
34600896343
34600896163
34600896081
34600896949
34600896244
34600896470
34600896844
34600896082
34600896465
34600896411
34600896414
34600896824
34600896854
34600896451
34600896302
34600896283
34600896914
34600896096
34600896657
34600896909
34600896228
34600896251
34600896032
34600896335
34600896598
34600896906
34600896533
34600896694
34600896986
34600896255
34600896564
34600896326
34600896893
34600896310
34600896667
34600896565
34600896761
34600896314
34600896926
34600896770
34600896335
34600896935
34600896728
34600896025
34600896844
34600896781
34600896501
34600896374
34600896364
34600896768
34600896460
34600896211
34600896593
34600896699
34600896951
34600896064
34600896646
34600896065
34600896062
34600896431
34600896563
34600896999
34600896815
34600896868
34600896569
34600896098
34600896274
34600896847
34600896012
34600896589
34600896828
34600896922
34600896742
34600896433
34600896928
34600896793
34600896873
34600896561
34600896986
34600896846
34600896903
34600896263
34600896246
34600896557
34600896238
34600896081
34600896929
34600896634
34600896672
34600896157
34600896641
34600896254
34600896476
34600896118
34600896645
34600896964
34600896107
34600896901
34600896834
34600896102
34600896566
34600896507
34600896644
34600896111
34600896432
34600896210
34600896663
34600896139
34600896627
34600896358
34600896358
34600896048
34600896667
34600896645
34600896261
34600896744
34600896917
34600896501
34600896257
34600896216
34600896670
34600896623
34600896424
34600896667
34600896570
34600896124
34600896368
34600896128
34600896827
34600896437
34600896008
34600896757
34600896977
34600896553
34600896617
34600896925
34600896682
34600896695
34600896901
34600896881
34600896497
34600896212
34600896318
34600896525
34600896316
34600896868
34600896349
34600896021
34600896176
34600896859
34600896311
34600896470
34600896223
34600896893
34600896043
34600896758
34600896823
34600896462
34600896131
34600896935
34600896184
34600896456
34600896136
34600896499
34600896306
34600896505
34600896365
34600896580
34600896504
34600896389
34600896988
34600896003
34600896557
34600896446
34600896157
34600896065
34600896960
34600896034
34600896989
34600896599
34600896167
34600896124
34600896552
34600896660
34600896917
34600896760
34600896104
34600896367
34600896533
34600896060
34600896451
34600896408
34600896611
34600896722
34600896567
34600896565
34600896097
34600896009
34600896316
34600896079
34600896296
34600896588
34600896141
34600896153
34600896625
34600896325
34600896782
34600896767
34600896991
34600896908
34600896345
34600896923
34600896988
34600896099
34600896003
34600896457
34600896418
34600896930
34600896939
34600896514
34600896025
34600896190
34600896874
34600896435
34600896959
34600896435
34600896671
34600896119
34600896863
34600896593
34600896117
34600896075
34600896365
34600896157
34600896582
34600896564
34600896089
34600896729
34600896457
34600896951
34600896875
34600896214
34600896702
34600896713
34600896524
34600896962
34600896340
34600896536
34600896721
34600896357
34600896366
34600896382
34600896392
34600896042
34600896675
34600896759
34600896252
34600896131
34600896787
34600896386
34600896176
34600896871
34600896158
34600896037
34600896115
34600896566
34600896044
34600896688
34600896339
34600896575
34600896906
34600896680
34600896022
34600896548
34600896100
34600896331
34600896580
34600896118
34600896998
34600896498
34600896040
34600896562
34600896471
34600896361
34600896077
34600896801
34600896843
34600896315
34600896906
34600896103
34600896436
34600896530
34600896279
34600896146
34600896095
34600896029
34600896073
34600896374
34600896415
34600896973
34600896625
34600896532
34600896753
34600896241
34600896907
34600896949
34600896364
34600896525
34600896298
34600896552
34600896240
34600896221
34600896492
34600896164
34600896846
34600896329
34600896417
34600896196
34600896748
34600896048
34600896025
34600896944
34600896397
34600896448
34600896705
34600896357
34600896034
34600896366
34600896519
34600896728
34600896267
34600896697
34600896148
34600896063
34600896585
34600896603
34600896732
34600896946
34600896974
34600896093
34600896005
34600896775
34600896246
34600896699
34600896829
34600896068
34600896995
34600896499
34600896030
34600896230
34600896347
34600896009
34600896374
34600896052
34600896968
34600896285
34600896621
34600896469
34600896776
34600896879
34600896689
34600896897
34600896493
34600896679
34600896606
34600896375
34600896287
34600896822
34600896649
34600896261
34600896319
34600896055
34600896599
34600896150
34600896945
34600896936
34600896965
34600896128
34600896046
34600896034
34600896961
34600896492
34600896227
34600896684
34600896354
34600896606
34600896228
34600896500
34600896963
34600896171
34600896243
34600896248
34600896246
34600896865
34600896433
34600896291
34600896657
34600896341
34600896221
34600896808
34600896989
34600896610
34600896590
34600896862
34600896761
34600896615
34600896028
34600896279
34600896061
34600896617
34600896280
34600896848
34600896369
34600896736
34600896797
34600896706
34600896993
34600896770
34600896025
34600896505
34600896837
34600896977
34600896433
34600896655
34600896577
34600896844
34600896803
34600896804
34600896236
34600896287
34600896850
34600896889
34600896863
34600896590
34600896072
34600896917
34600896728
34600896246
34600896298
34600896332
34600896284
34600896306
34600896515
34600896760
34600896401
34600896416
34600896003
34600896992
34600896846
34600896854
34600896946
34600896390
34600896449
34600896455
34600896699
34600896474
34600896844
34600896450
34600896959
34600896850
34600896888
34600896693
34600896814
34600896664
34600896662
34600896030
34600896088
34600896431
34600896063
34600896698
34600896326
34600896339
34600896360
34600896280
34600896301
34600896492
34600896855
34600896524
34600896186
34600896676
34600896636
34600896119
34600896308
34600896406
34600896146
34600896725
34600896223
34600896135
34600896157
34600896472
34600896148
34600896949
34600896447
34600896149
34600896967
34600896787
34600896688
34600896005
34600896816
34600896599
34600896778
34600896655
34600896913
34600896511
34600896182
34600896641
34600896715
34600896797
34600896025
34600896953
34600896834
34600896216
34600896525
34600896720
34600896776
34600896725
34600896670
34600896150
34600896295
34600896590
34600896646
34600896787
34600896503
34600896780
34600896817
34600896625
34600896034
34600896328
34600896112
34600896191
34600896919
34600896199
34600896661
34600896945
34600896015
34600896493
34600896363
34600896378
34600896624
34600896887
34600896948
34600896199
34600896444
34600896855
34600896230
34600896238
34600896790
34600896027
34600896299
34600896544
34600896958
34600896068
34600896761
34600896926
34600896770
34600896915
34600896761
34600896851
34600896364
34600896239
34600896220
34600896798
34600896908
34600896527
34600896732
34600896107
34600896850
34600896135
34600896432
34600896692
34600896650
34600896971
34600896438
34600896556
34600896768
34600896156
34600896981
34600896143
34600896829
34600896049
34600896836
34600896819
34600896426
34600896321
34600896973
34600896710
34600896747
34600896913
34600896226
34600896175
34600896746
34600896129
34600896366
34600896501
34600896108
34600896138
34600896785
34600896896
34600896385
34600896094
34600896377
34600896339
34600896722
34600896057
34600896579
34600896020
34600896678
34600896201
34600896085
34600896905
34600896410
34600896169
34600896736
34600896581
34600896159
34600896368
34600896902
34600896329
34600896657
34600896408
34600896105
34600896528
34600896828
34600896691
34600896266
34600896678
34600896932
34600896909
34600896982
34600896190
34600896720
34600896529
34600896943
34600896144
34600896445
34600896721
34600896724
34600896790
34600896252
34600896438
34600896543
34600896553
34600896617
34600896218
34600896584
34600896550
34600896588
34600896153
34600896558
34600896178
34600896465
34600896401
34600896980
34600896398
34600896007
34600896731
34600896737
34600896540
34600896219
34600896768
34600896076
34600896088
34600896100
34600896458
34600896921
34600896960
34600896484
34600896552
34600896008
34600896257
34600896097
34600896732
34600896142
34600896862
34600896803
34600896791
34600896612
34600896363
34600896545
34600896196
34600896008
34600896793
34600896430
34600896308
34600896644
34600896746
34600896553
34600896518
34600896744
34600896495
34600896287
34600896363
34600896362
34600896469
34600896130
34600896124
34600896238
34600896204
34600896750
34600896785
34600896691
34600896353
34600896934
34600896725
34600896613
34600896531
34600896212
34600896494
34600896536
34600896529
34600896632
34600896908
34600896366
34600896543
34600896510
34600896149
34600896727
34600896847
34600896885
34600896393
34600896208
34600896088
34600896358
34600896813
34600896053
34600896540
34600896008
34600896853
34600896707
34600896300
34600896809
34600896160
34600896023
34600896205
34600896369
34600896008
34600896027
34600896391
34600896780
34600896691
34600896313
34600896379
34600896176
34600896452
34600896597
34600896821
34600896396
34600896539
34600896762
34600896382
34600896607
34600896321
34600896612
34600896772
34600896344
34600896747
34600896545
34600896038
34600896612
34600896369
34600896073
34600896644
34600896915
34600896595
34600896422
34600896609
34600896620
34600896209
34600896377
34600896229
34600896133
34600896686
34600896108
34600896980
34600896054
34600896016
34600896117
34600896445
34600896685
34600896520
34600896680
34600896519
34600896974
34600896438
34600896602
34600896493
34600896973
34600896052
34600896075
34600896035
34600896562
34600896304
34600896151
34600896376
34600896014
34600896294
34600896658
34600896601
34600896099
34600896876
34600896658
34600896125
34600896711
34600896588
34600896650
34600896731
34600896673
34600896803
34600896717
34600896160
34600896182
34600896209
34600896078
34600896469
34600896489
34600896518
34600896938
34600896502
34600896423
34600896170
34600896798
34600896780
34600896872
34600896428
34600896265
34600896946
34600896706
34600896547
34600896710
34600896752
34600896685
34600896783
34600896345
34600896521
34600896805
34600896213
34600896196
34600896584
34600896908
34600896321
34600896479
34600896384
34600896858
34600896707
34600896986
34600896631
34600896526
34600896080
34600896372
34600896161
34600896262
34600896356
34600896433
34600896478
34600896887
34600896952
34600896931
34600896969
34600896202
34600896303
34600896506
34600896721
34600896738
34600896047
34600896008
34600896777
34600896882
34600896437
34600896893
34600896997
34600896277
34600896994
34600896975
34600896225
34600896973
34600896458
34600896511
34600896183
34600896718
34600896278
34600896061
34600896010
34600896684
34600896852
34600896913
34600896299
34600896794
34600896623
34600896618
34600896682
34600896739
34600896920
34600896625
34600896415
34600896540
34600896058
34600896592
34600896163
34600896628
34600896432
34600896459
34600896703
34600896482
34600896140
34600896592
34600896207
34600896538
34600896435
34600896077
34600896435
34600896070
34600896357
34600896126
34600896736
34600896520
34600896045
34600896052
34600896865
34600896623
34600896606
34600896930
34600896878
34600896728
34600896249
34600896642
34600896757
34600896205
34600896227
34600896201
34600896810
34600896561
34600896335
34600896523
34600896177
34600896186
34600896154
34600896648
34600896867
34600896299
34600896587
34600896915
34600896143
34600896431
34600896472
34600896611
34600896981
34600896477
34600896043
34600896177
34600896964
34600896653
34600896240
34600896575
34600896196
34600896279
34600896115
34600896903
34600896630
34600896065
34600896665
34600896884
34600896027
34600896521
34600896678
34600896852
34600896295
34600896679
34600896892
34600896297
34600896684
34600896227
34600896472
34600896220
34600896939
34600896268
34600896077
34600896590
34600896067
34600896711
34600896512
34600896472
34600896401
34600896939
34600896886
34600896587
34600896714
34600896839
34600896511
34600896957
34600896721
34600896850
34600896588
34600896039
34600896063
34600896263
34600896764
34600896417
34600896527
34600896168
34600896579
34600896448
34600896464
34600896927
34600896456
34600896386
34600896418
34600896669
34600896511
34600896731
34600896699
34600896446
34600896464
34600896106
34600896477
34600896285
34600896439
34600896902
34600896628
34600896117
34600896250
34600896573
34600896335
34600896520
34600896843
34600896277
34600896237
34600896893
34600896866
34600896521
34600896987
34600896442
34600896114
34600896140
34600896900
34600896353
34600896771
34600896123
34600896044
34600896762
34600896759
34600896166
34600896967
34600896992
34600896684
34600896320
34600896568
34600896124
34600896689
34600896739
34600896798
34600896174
34600896260
34600896683
34600896887
34600896946
34600896619
34600896380
34600896839
34600896520
34600896035
34600896552
34600896157
34600896069
34600896940
34600896822
34600896505
34600896170
34600896833
34600896032
34600896695
34600896778
34600896404
34600896989
34600896445
34600896613
34600896018
34600896054
34600896299
34600896935
34600896678
34600896304
34600896680
34600896405
34600896471
34600896696
34600896066
34600896553
34600896634
34600896246
34600896408
34600896801
34600896609
34600896112
34600896538
34600896079
34600896909
34600896941
34600896871
34600896314
34600896860
34600896597
34600896061
34600896154
34600896840
34600896431
34600896652
34600896848
34600896176
34600896906
34600896951
34600896579
34600896869
34600896284
34600896520
34600896195
34600896838
34600896843
34600896090
34600896385
34600896530
34600896682
34600896843
34600896920
34600896198
34600896873
34600896814
34600896155
34600896418
34600896240
34600896759
34600896196
34600896676
34600896231
34600896766
34600896424
34600896979
34600896244
34600896498
34600896693
34600896917
34600896936
34600896321
34600896800
34600896745
34600896486
34600896827
34600896469
34600896836
34600896146
34600896271
34600896769
34600896071
34600896204
34600896568
34600896224
34600896759
34600896478
34600896360
34600896081
34600896731
34600896211
34600896899
34600896809
34600896591
34600896589
34600896248
34600896212
34600896895
34600896938
34600896522
34600896409
34600896639
34600896718
34600896495
34600896632
34600896075
34600896429
34600896949
34600896264
34600896673
34600896385
34600896035
34600896692
34600896277
34600896034
34600896393
34600896337
34600896320
34600896792
34600896212
34600896381
34600896007
34600896198
34600896110
34600896383
34600896131
34600896097
34600896833
34600896147
34600896744
34600896048
34600896019
34600896144
34600896719
34600896555
34600896836
34600896550
34600896118
34600896465
34600896727
34600896081
34600896406
34600896055
34600896748
34600896071
34600896231
34600896078
34600896574
34600896291
34600896567
34600896788
34600896251
34600896193
34600896028
34600896579
34600896604
34600896424
34600896622
34600896814
34600896301
34600896447
34600896118
34600896324
34600896014
34600896732
34600896580
34600896606
34600896244
34600896595
34600896185
34600896717
34600896771
34600896704
34600896342
34600896534
34600896848
34600896249
34600896615
34600896242
34600896968
34600896974
34600896831
34600896693
34600896949
34600896898
34600896404
34600896438
34600896659
34600896526
34600896205
34600896012
34600896006
34600896898
34600896008
34600896623
34600896457
34600896945
34600896432
34600896537
34600896746
34600896093
34600896614
34600896024
34600896422
34600896309
34600896005
34600896545
34600896332
34600896835
34600896375
34600896602
34600896077
34600896155
34600896326
34600896734
34600896042
34600896465
34600896916
34600896159
34600896787
34600896853
34600896559
34600896437
34600896639
34600896941
34600896800
34600896638
34600896775
34600896128
34600896362
34600896249
34600896029
34600896479
34600896603
34600896809
34600896879
34600896543
34600896009
34600896830
34600896374
34600896251
34600896135
34600896355
34600896483
34600896214
34600896133
34600896928
34600896864
34600896396
34600896238
34600896743
34600896665
34600896943
34600896035
34600896531
34600896363
34600896065
34600896999
34600896438
34600896523
34600896576
34600896329
34600896493
34600896164
34600896600
34600896907
34600896811
34600896483
34600896322
34600896240
34600896901
34600896444
34600896911
34600896177
34600896731
3460089634
34600896408
34600896698
34600896756
34600896308
34600896684
34600896631
34600896444
34600896031
34600896483
34600896364
34600896671
34600896623
34600896395
34600896765
34600896326
34600896943
34600896665
34600896786
34600896843
34600896762
34600896020
34600896254
34600896405
34600896779
34600896296
34600896131
34600896627
34600896774
34600896194
34600896542
34600896634
34600896484
34600896158
34600896714
34600896383
34600896725
34600896474
34600896453
34600896973
34600896424
34600896578
34600896385
34600896872
34600896811
34600896134
34600896409
34600896388
34600896863
34600896963
34600896777
34600896740
34600896012
34600896993
34600896012
34600896725
34600896430
34600896631
34600896033
34600896564
34600896419
34600896441
34600896980
34600896479
34600896760
34600896002
34600896011
34600896922
34600896478
34600896526
34600896915
34600896538
34600896424
34600896038
34600896505
34600896734
34600896707
34600896870
34600896294
34600896098
34600896623
34600896598
34600896138
34600896854
34600896574
34600896925
34600896699
34600896566
34600896337
34600896470
34600896361
34600896964
34600896579
34600896169
34600896360
34600896967
34600896661
34600896243
34600896373
34600896595
34600896772
34600896107
34600896232
34600896286
34600896942
34600896612
34600896669
34600896741
3460089634
34600896601
34600896846
34600896345
34600896904
34600896829
34600896081
34600896061
34600896034
34600896138
34600896264
34600896192
34600896984
34600896029
34600896874
34600896173
34600896747
34600896416
34600896419
34600896439
34600896475
34600896443
34600896497
34600896772
34600896630
34600896524
34600896294
34600896553
34600896211
34600896629
34600896464
34600896017
34600896463
34600896214
34600896571
34600896078
34600896414
34600896102
34600896627
34600896078
34600896103
34600896697
34600896026
34600896214
34600896776
34600896234
34600896459
34600896645
34600896509
34600896623
34600896694
34600896569
34600896964
34600896004
34600896563
34600896532
34600896267
34600896253
34600896837
34600896967
34600896832
34600896830
34600896442
34600896784
34600896914
34600896680
34600896038
34600896968
34600896418
34600896667
34600896235
34600896659
34600896867
34600896127
34600896331
34600896930
34600896724
34600896937
34600896425
34600896401
34600896889
34600896906
34600896152
34600896724
34600896581
34600896759
34600896716
34600896744
34600896482
34600896880
34600896471
34600896021
34600896142
34600896196
34600896913
34600896389
34600896069
34600896992
34600896034
34600896749
34600896710
34600896922
34600896839
34600896286
34600896123
34600896796
34600896145
34600896814
34600896117
34600896536
34600896807
34600896676
34600896959
34600896489
34600896725
34600896207
34600896845
34600896049
34600896584
34600896164
34600896071
34600896511
34600896798
34600896350
34600896657
34600896633
34600896906
34600896671
34600896746
34600896708
34600896507
34600896757
34600896820
34600896793
34600896783
34600896198
34600896922
34600896262
34600896646
34600896713
34600896057
34600896205
34600896405
34600896041
34600896086
34600896534
34600896915
34600896305
34600896081
34600896043
34600896145
34600896934
34600896807
34600896107
34600896619
34600896505
34600896202
34600896694
34600896490
34600896094
34600896473
34600896402
34600896118
34600896473
34600896492
34600896590
34600896683
34600896072
34600896129
34600896943
34600896988
34600896410
34600896044
34600896721
34600896328
34600896880
34600896661
3460089634
34600896034
34600896189
34600896166
34600896634
34600896461
34600896736
34600896841
34600896371
34600896326
34600896965
34600896354
34600896793
34600896045
34600896091
34600896401
34600896191
34600896898
34600896613
34600896938
34600896422
34600896242
34600896781
34600896997
34600896545
34600896639
34600896263
34600896798
34600896244
34600896305
34600896941
34600896030
34600896200
34600896401
34600896888
34600896389
34600896087
34600896381
34600896547
34600896156
34600896216
34600896721
34600896868
34600896300
34600896561
34600896324
34600896237
34600896943
34600896200
34600896152
34600896766
34600896089
34600896383
34600896135
34600896227
34600896405
34600896576
34600896217
34600896138
34600896066
34600896219
34600896091
34600896470
34600896207
34600896090
34600896964
34600896188
34600896899
34600896812
34600896883
34600896767
34600896631
34600896669
34600896402
34600896520
34600896925
34600896604
34600896511
34600896250
34600896513
34600896735
34600896220
34600896562
34600896615
34600896883
34600896292
34600896177
34600896506
34600896413
34600896980
34600896579
34600896885
34600896637
34600896905
34600896847
34600896219
34600896609
34600896161
34600896869
34600896116
34600896375
34600896330
34600896253
34600896335
34600896466
34600896556
34600896664
34600896189
34600896426
34600896738
34600896729
34600896444
34600896494
34600896159
34600896521
34600896778
34600896021
34600896083
34600896334
34600896964
34600896424
34600896450
34600896317
34600896712
34600896853
34600896779
34600896019
34600896752
34600896428
34600896868
34600896752
34600896040
34600896136
34600896623
34600896586
34600896225
34600896916
34600896204
34600896494
34600896387
34600896319
34600896637
34600896278
34600896062
34600896624
34600896603
34600896743
34600896492
34600896011
34600896514
34600896385
34600896392
34600896393
34600896830
34600896464
34600896694
34600896041
34600896094
34600896985
34600896454
34600896973
34600896847
34600896110
34600896614
34600896591
34600896958
34600896660
34600896212
34600896419
34600896507
34600896428
34600896594
34600896672
34600896665
34600896051
34600896358
34600896359
34600896938
34600896050
34600896965
34600896532
34600896061
34600896473
34600896983
34600896814
34600896702
34600896235
34600896059
34600896942
34600896343
34600896258
34600896877
34600896548
34600896587
34600896670
34600896536
34600896122
34600896075
34600896819
34600896390
34600896342
34600896951
34600896646
34600896625
34600896408
34600896016
34600896615
34600896949
34600896518
34600896622
34600896845
34600896095
34600896933
34600896969
34600896481
34600896361
34600896490
34600896430
34600896939
34600896204
34600896553
34600896735
34600896299
34600896419
34600896157
34600896798
34600896956
34600896738
34600896788
34600896912
34600896964
34600896249
34600896307
34600896697
34600896408
34600896046
34600896051
34600896181
34600896596
34600896496
34600896955
34600896755
34600896315
34600896832
34600896843
34600896816
34600896161
34600896464
34600896501
34600896476
34600896095
34600896217
34600896570
34600896226
34600896465
34600896693
34600896633
34600896825
34600896633
34600896706
34600896754
34600896103
34600896543
34600896016
34600896775
34600896625
34600896531
34600896790
34600896130
34600896728
34600896857
34600896397
34600896621
34600896405
34600896287
34600896696
34600896717
34600896932
34600896659
34600896959
34600896271
34600896580
34600896021
34600896023
34600896716
34600896567
34600896049
34600896114
34600896306
34600896362
34600896188
34600896227
34600896792
34600896373
34600896994
34600896925
34600896309
34600896211
34600896431
34600896116
34600896784
34600896222
34600896619
34600896281
34600896070
34600896231
34600896339
34600896174
34600896778
34600896753
34600896332
34600896529
34600896200
34600896265
34600896070
34600896169
34600896701
34600896483
34600896796
34600896669
34600896871
34600896490
34600896647
34600896053
34600896506
34600896150
34600896167
34600896470
34600896032
34600896587
34600896497
34600896266
34600896978
34600896984
34600896062
34600896281
34600896695
34600896502
34600896736
34600896945
34600896821
34600896244
34600896010
34600896462
34600896723
34600896130
34600896079
34600896802
34600896374
34600896602
34600896829
34600896374
34600896116
34600896907
34600896500
34600896510
34600896945
34600896220
34600896753
34600896038
34600896215
34600896119
34600896824
34600896928
34600896162
34600896849
34600896668
34600896882
34600896215
34600896899
34600896308
34600896809
34600896481
34600896402
34600896008
34600896213
34600896295
34600896573
34600896197
34600896236
34600896437
34600896765
34600896750
34600896461
34600896755
34600896226
34600896956
34600896940
34600896724
34600896916
34600896982
34600896739
34600896231
34600896964
34600896278
34600896213
34600896967
34600896933
34600896010
34600896247
34600896191
34600896920
34600896642
34600896786
34600896912
34600896957
34600896192
34600896196
34600896724
34600896670
34600896298
34600896175
34600896716
34600896671
34600896299
34600896869
34600896609
34600896298
34600896169
34600896883
34600896660
34600896910
34600896500
34600896152
34600896526
34600896085
34600896496
34600896373
34600896369
34600896099
34600896553
34600896816
34600896783
34600896700
34600896012
34600896173
34600896950
34600896778
34600896207
34600896620
34600896262
34600896937
34600896370
34600896371
34600896889
34600896167
34600896483
34600896976
34600896930
34600896373
34600896630
34600896732
34600896168
34600896552
34600896187
34600896503
34600896644
34600896182
34600896567
34600896019
34600896880
34600896443
34600896659
34600896310
34600896853
34600896958
34600896762
34600896213
34600896177
34600896743
34600896350
34600896749
34600896320
34600896980
34600896217
34600896166
34600896765
34600896887
34600896589
34600896957
34600896630
34600896151
34600896350
34600896305
34600896587
34600896934
34600896364
34600896696
34600896835
34600896964
34600896695
34600896793
34600896039
34600896553
34600896727
34600896445
34600896722
34600896082
34600896854
34600896207
34600896961
34600896816
34600896056
34600896439
34600896280
34600896804
34600896775
34600896014
34600896882
34600896897
34600896270
34600896772
34600896177
34600896284
34600896957
34600896321
34600896480
34600896382
34600896380
34600896131
34600896629
34600896983
34600896686
34600896328
34600896855
34600896801
34600896396
34600896137
34600896137
34600896838
34600896910
34600896750
34600896926
34600896832
34600896681
34600896084
34600896550
34600896089
34600896588
34600896637
34600896723
34600896303
34600896899
34600896595
34600896198
34600896939
34600896913
34600896793
34600896419
34600896702
34600896171
34600896866
34600896106
34600896379
34600896651
34600896028
34600896215
34600896236
34600896217
34600896616
34600896085
34600896979
34600896737
34600896335
34600896235
34600896214
34600896059
34600896731
34600896968
34600896199
34600896318
34600896999
34600896269
34600896373
34600896258
34600896481
34600896595
34600896014
34600896129
34600896695
34600896615
34600896296
34600896217
34600896643
34600896223
34600896463
34600896260
34600896847
34600896216
34600896555
34600896165
34600896900
34600896837
34600896256
34600896792
34600896476
34600896423
34600896909
34600896300
34600896006
34600896970
34600896912
34600896828
34600896509
34600896165
34600896827
34600896594
34600896066
34600896242
34600896869
34600896609
34600896412
34600896138
34600896608
34600896266
34600896671
34600896143
34600896335
34600896745
34600896471
34600896170
34600896762
34600896599
34600896275
34600896997
34600896219
34600896919
34600896578
34600896881
34600896692
34600896714
34600896283
34600896671
34600896111
34600896365
34600896417
34600896528
34600896346
34600896551
34600896802
34600896271
34600896334
34600896096
34600896455
34600896660
34600896881
34600896071
34600896466
34600896933
34600896745
34600896203
34600896757
34600896748
34600896503
34600896590
34600896673
34600896126
34600896966
34600896683
34600896432
34600896967
34600896881
34600896208
34600896239
34600896715
34600896786
34600896364
34600896369
34600896511
34600896757
34600896168
34600896596
34600896919
34600896256
34600896833
34600896973
34600896618
34600896757
34600896269
34600896703
34600896306
34600896673
34600896148
34600896387
34600896619
34600896739
34600896634
34600896650
34600896406
34600896214
34600896533
34600896876
34600896365
34600896667
34600896084
34600896518
34600896960
34600896337
34600896324
34600896919
34600896391
34600896614
34600896800
34600896877
34600896293
34600896554
34600896863
34600896525
34600896776
34600896997
34600896034
34600896310
34600896956
34600896820
34600896588
34600896290
34600896157
34600896163
34600896516
34600896945
34600896690
34600896540
34600896413
34600896406
34600896950
34600896110
34600896239
34600896989
34600896760
34600896653
34600896177
34600896803
34600896543
34600896040
34600896244
34600896382
3460089634
34600896416
34600896782
34600896083
34600896910
34600896525
34600896508
34600896170
34600896150
34600896917
34600896476
34600896336
34600896746
34600896210
34600896927
34600896283
34600896238
34600896467
34600896504
34600896690
34600896127
34600896725
34600896726
34600896436
34600896241
34600896248
34600896078
34600896076
34600896291
34600896028
34600896056
34600896388
34600896376
34600896133
34600896119
34600896108
34600896641
34600896872
34600896754
34600896073
34600896780
34600896708
34600896606
34600896575
34600896988
34600896250
34600896625
34600896440
34600896360
34600896537
34600896081
34600896476
34600896976
34600896984
34600896307
34600896870
34600896449
34600896797
34600896319
34600896460
34600896337
34600896770
34600896359
34600896185
34600896798
34600896708
34600896111
34600896931
34600896741
34600896617
34600896603
34600896468
34600896493
34600896787
34600896879
34600896922
34600896224
34600896046
34600896501
34600896290
34600896661
34600896633
34600896780
34600896550
34600896541
34600896211
34600896225
34600896993
34600896623
34600896416
34600896573
34600896135
34600896533
34600896355
34600896085
34600896594
34600896139
34600896676
34600896679
34600896878
34600896300
34600896965
34600896446
34600896688
34600896034
34600896373
34600896278
34600896107
34600896798
34600896352
34600896406
34600896842
34600896837
34600896872
34600896454
34600896015
34600896645
34600896987
34600896481
34600896866
34600896541
34600896792
34600896152
34600896855
34600896407
34600896747
34600896207
34600896921
34600896962
34600896714
34600896245
34600896036
34600896707
34600896002
34600896574
34600896880
34600896026
34600896689
34600896531
34600896999
34600896138
34600896599
34600896009
34600896933
34600896108
34600896287
34600896651
34600896228
34600896914
34600896496
34600896025
34600896383
34600896421
34600896234
34600896141
34600896554
34600896061
34600896832
34600896095
34600896452
34600896221
34600896051
34600896072
34600896025
34600896684
34600896836
34600896970
34600896807
34600896854
34600896246
34600896999
34600896848
34600896725
34600896911
34600896314
34600896023
34600896658
34600896184
34600896566
34600896883
34600896887
34600896690
34600896750
34600896812
34600896750
34600896337
34600896794
34600896515
34600896926
34600896303
34600896203
34600896558
34600896799
34600896190
34600896649
34600896319
34600896486
34600896686
34600896665
34600896884
34600896550
34600896557
34600896383
34600896066
34600896010
34600896282
34600896874
34600896559
34600896106
34600896047
34600896005
34600896869
34600896409
34600896244
34600896391
34600896165
34600896039
34600896831
34600896662
34600896159
34600896583
34600896503
34600896854
34600896161
34600896676
34600896581
34600896598
34600896039
34600896650
34600896652
34600896630
34600896656
34600896714
34600896463
34600896501
34600896936
34600896314
34600896636
34600896275
34600896393
34600896912
34600896735
34600896649
34600896466
34600896736
34600896552
34600896767
34600896438
34600896852
34600896203
34600896759
34600896461
34600896135
34600896088
34600896147
34600896089
34600896722
34600896027
34600896360
34600896722
34600896465
34600896600
34600896407
34600896815
34600896423
34600896674
34600896883
34600896671
34600896075
34600896202
34600896123
34600896106
34600896938
34600896707
34600896393
34600896999
34600896050
34600896894
34600896772
34600896020
34600896977
34600896801
34600896157
34600896842
34600896827
34600896144
34600896504
34600896605
34600896110
34600896001
34600896410
34600896975
34600896722
34600896642
34600896606
34600896072
34600896578
34600896622
34600896971
34600896482
34600896955
34600896631
34600896650
34600896912
34600896947
34600896289
34600896273
34600896001
34600896260
34600896572
34600896351
34600896594
34600896542
34600896047
34600896495
34600896089
34600896893
34600896089
34600896584
34600896088
34600896606
34600896771
34600896965
34600896408
34600896664
34600896745
34600896333
34600896328
34600896577
34600896434
34600896153
34600896204
34600896292
34600896103
34600896311
34600896900
34600896049
34600896177
34600896469
34600896084
34600896013
34600896359
34600896189
34600896782
34600896922
34600896526
34600896950
34600896174
34600896069
34600896109
34600896787
34600896948
34600896281
34600896379
34600896966
34600896535
34600896935
34600896814
34600896117
34600896152
34600896766
34600896074
34600896358
34600896451
34600896684
34600896411
34600896595
34600896215
34600896357
34600896319
34600896406
34600896414
34600896901
34600896067
34600896680
34600896044
34600896065
34600896298
34600896346
34600896197
34600896298
34600896034
34600896019
34600896430
34600896713
34600896173
34600896389
34600896117
34600896951
34600896428
34600896671
34600896065
34600896677
34600896232
34600896081
34600896122
34600896314
34600896067
34600896523
34600896675
34600896424
34600896430
34600896326
34600896699
34600896802
34600896885
34600896504
34600896801
34600896034
34600896257
34600896013
34600896848
34600896100
34600896172
34600896704
34600896371
34600896287
34600896865
34600896171
34600896553
34600896445
34600896967
34600896102
34600896646
34600896198
34600896730
34600896805
34600896097
34600896467
34600896946
34600896124
34600896819
34600896519
34600896122
34600896207
34600896618
34600896793
34600896528
34600896903
34600896871
34600896217
34600896467
34600896431
34600896587
34600896103
34600896742
34600896830
34600896936
34600896170
34600896417
34600896445
34600896211
34600896460
34600896282
34600896102
34600896722
34600896932
34600896613
34600896804
34600896767
34600896303
34600896227
34600896135
34600896086
34600896131
34600896827
34600896313
34600896607
34600896728
34600896544
34600896087
34600896562
34600896102
34600896838
34600896736
34600896414
34600896505
34600896536
34600896371
34600896417
34600896291
34600896995
34600896467
34600896213
34600896105
34600896468
34600896143
34600896350
34600896075
34600896105
34600896916
34600896824
34600896345
34600896726
34600896517
34600896201
34600896582
34600896408
34600896391
34600896814
34600896091
34600896847
34600896644
34600896913
34600896011
34600896620
34600896804
34600896174
34600896398
34600896957
34600896558
34600896110
34600896256
34600896201
34600896152
34600896802
34600896684
34600896555
34600896705
34600896888
34600896632
34600896806
34600896087
34600896929
34600896602
34600896117
34600896413
34600896967
34600896181
34600896389
34600896965
34600896662
34600896147
34600896719
34600896057
34600896724
34600896401
34600896839
34600896457
34600896017
34600896946
34600896229
34600896822
34600896134
34600896119
34600896957
34600896603
34600896506
34600896365
34600896241
34600896931
34600896832
34600896501
34600896746
34600896177
34600896872
34600896479
34600896804
34600896146
34600896656
34600896031
34600896657
34600896755
34600896682
34600896565
34600896422
34600896329
34600896214
34600896957
34600896384
34600896566
34600896214
34600896592
34600896311
34600896548
34600896823
34600896896
34600896848
34600896941
34600896516
34600896637
34600896020
34600896634
34600896794
34600896832
34600896546
34600896738
34600896187
34600896531
34600896501
34600896137
34600896474
34600896654
34600896714
34600896934
34600896646
34600896915
34600896056
34600896799
34600896193
34600896772
34600896284
34600896197
34600896358
34600896200
34600896824
34600896520
34600896749
34600896468
34600896312
34600896725
34600896616
34600896660
34600896990
34600896999
34600896645
34600896695
34600896044
34600896957
34600896636
34600896663
34600896632
34600896946
34600896752
34600896077
34600896103
34600896884
34600896847
34600896713
34600896599
34600896953
34600896442
34600896731
34600896675
34600896496
34600896005
34600896695
34600896048
34600896855
34600896871
34600896873
34600896617
34600896376
34600896223
34600896865
34600896173
34600896847
34600896334
34600896069
34600896830
34600896304
34600896699
34600896114
34600896495
34600896744
34600896388
34600896976
34600896407
34600896473
34600896258
34600896627
34600896367
34600896008
34600896324
34600896390
34600896933
34600896164
34600896722
34600896585
34600896233
34600896007
34600896577
34600896665
34600896717
34600896968
34600896739
34600896843
34600896019
34600896503
34600896891
34600896290
34600896305
34600896774
34600896972
34600896935
34600896902
34600896072
34600896882
34600896188
34600896934
34600896430
34600896511
34600896617
34600896848
34600896868
34600896736
34600896096
34600896660
34600896960
34600896155
34600896853
34600896389
34600896941
34600896221
34600896896
34600896878
34600896440
34600896198
34600896663
34600896587
34600896505
34600896110
34600896492
34600896150
34600896249
34600896639
34600896263
34600896837
34600896858
34600896206
34600896318
34600896020
34600896594
34600896671
34600896219
34600896134
34600896936
34600896086
34600896738
34600896982
34600896811
34600896341
34600896647
34600896753
34600896481
34600896488
34600896204
34600896576
34600896384
34600896688
34600896241
34600896856
34600896900
34600896333
34600896417
34600896702
34600896433
34600896407
34600896382
34600896533
34600896742
34600896860
34600896892
34600896654
34600896714
34600896782
34600896585
34600896058
34600896393
34600896686
34600896571
34600896957
34600896738
34600896317
34600896379
34600896918
34600896799
34600896310
34600896650
34600896111
34600896052
34600896242
34600896721
34600896241
34600896186
34600896422
34600896967
34600896407
34600896098
3460089634
34600896885
34600896588
34600896931
34600896941
34600896755
34600896242
34600896520
34600896610
34600896562
34600896715
34600896393
34600896823
34600896673
34600896660
34600896002
34600896380
34600896224
34600896588
34600896054
34600896992
34600896921
34600896125
34600896396
34600896293
34600896022
34600896573
34600896100
34600896194
34600896139
34600896474
34600896833
34600896245
34600896106
34600896286
34600896317
34600896523
34600896434
34600896991
34600896913
34600896499
34600896670
34600896302
34600896271
34600896363
34600896446
34600896454
34600896326
34600896542
34600896334
34600896944
34600896921
34600896087
34600896032
34600896460
34600896776
34600896849
34600896202
34600896210
34600896391
34600896059
34600896635
34600896123
34600896133
34600896238
34600896156
34600896112
34600896057
34600896226
34600896679
34600896493
34600896016
34600896696
34600896257
34600896744
34600896137
34600896735
34600896016
34600896907
34600896915
34600896361
34600896167
34600896714
34600896035
34600896620
34600896974
34600896106
34600896537
34600896231
34600896401
34600896788
34600896963
34600896716
34600896227
34600896648
34600896055
34600896783
34600896712
34600896801
34600896765
34600896852
34600896425
34600896562
34600896547
34600896789
34600896447
34600896285
34600896125
34600896845
34600896755
34600896186
34600896505
34600896286
34600896200
34600896271
34600896683
34600896089
34600896770
34600896103
34600896268
34600896306
34600896597
34600896057
34600896845
34600896105
34600896270
34600896208
34600896094
34600896038
34600896493
34600896268
34600896843
34600896621
34600896577
34600896939
34600896571
34600896119
34600896661
34600896752
34600896186
34600896722
34600896487
34600896760
34600896936
34600896307
34600896025
34600896360
34600896883
34600896088
34600896427
34600896864
34600896797
34600896855
34600896163
34600896959
34600896022
34600896713
34600896419
34600896250
34600896887
34600896216
34600896663
34600896102
34600896231
34600896079
34600896987
34600896528
34600896399
34600896548
34600896931
34600896279
34600896394
34600896415
34600896396
34600896688
34600896470
34600896611
34600896797
34600896811
34600896753
34600896996
34600896734
34600896411
34600896642
34600896555
34600896308
34600896746
34600896958
34600896156
34600896104
34600896876
34600896578
34600896102
34600896718
34600896765
34600896099
34600896673
34600896977
34600896074
34600896638
34600896570
34600896221
34600896539
34600896898
34600896413
34600896454
34600896982
34600896304
34600896637
34600896626
34600896112
34600896721
34600896220
34600896874
34600896749
34600896720
34600896984
34600896312
34600896311
34600896180
34600896980
34600896119
34600896779
34600896461
34600896404
34600896492
34600896079
34600896440
34600896643
34600896987
34600896624
34600896325
34600896952
34600896057
34600896318
34600896526
34600896933
34600896528
34600896969
34600896707
34600896116
34600896642
34600896535
34600896037
34600896468
34600896727
34600896002
34600896921
34600896469
34600896138
34600896357
34600896013
34600896180
34600896751
34600896286
34600896082
34600896472
34600896149
34600896945
34600896761
34600896979
34600896141
34600896183
34600896840
34600896503
34600896013
34600896479
34600896659
34600896364
34600896563
34600896831
34600896882
34600896342
34600896935
34600896329
34600896589
34600896762
34600896343
34600896146
34600896782
34600896005
34600896193
34600896064
34600896951
34600896798
34600896347
34600896959
34600896525
34600896387
34600896044
34600896558
34600896066
34600896332
34600896455
34600896050
34600896175
34600896738
34600896872
34600896586
34600896250
34600896708
34600896705
34600896196
34600896613
34600896126
34600896405
34600896974
34600896139
34600896326
34600896378
34600896827
34600896521
34600896453
34600896393
34600896961
34600896352
34600896495
34600896984
34600896236
34600896400
34600896953
34600896626
34600896009
34600896790
34600896452
34600896626
34600896128
34600896135
34600896792
34600896678
34600896375
34600896396
34600896507
34600896291
34600896018
34600896397
34600896168
34600896082
34600896745
34600896920
34600896787
34600896051
34600896066
34600896675
34600896867
34600896102
34600896748
34600896437
34600896098
34600896938
34600896943
34600896240
34600896737
34600896530
34600896654
34600896810
34600896357
34600896465
34600896712
34600896580
34600896795
34600896753
34600896473
34600896260
34600896444
34600896888
34600896988
34600896837
34600896994
34600896637
34600896997
34600896675
34600896096
34600896770
34600896924
34600896890
34600896386
34600896091
34600896115
34600896883
34600896142
34600896447
34600896983
34600896222
34600896836
34600896448
34600896348
34600896492